2
 1877935068  0.000000 1425106830976608107386038569107202425553313412864356653383466080535722881076457487991794077999947366169703865550678493359407256246646945374012730329668181965974567753534055494283487974814026671024686503422453623798495003980328861696.000000 6421848
1 MA€A 13.470000 0.000000 55

3
 1877935068  0.000000 1425106830976608107386038569107202425553313412864356653383466080535722881076457487991794077999947366169703865550678493359407256246646945374012730329668181965974567753534055494283487974814026671024686503422453623798495003980328861696.000000 6421848
1 MA€A 13.470000 0.000000 55
1877935068  0.000000 1425106830976608107386038569107202425553313412864356653383466080535722881076457487991794077999947366169703865550678493359407256246646945374012730329668181965974567753534055494283487974814026671024686503422453623798495003980328861696.000000 6421848
1 MA€A 13.470000 0.000000 55
2 BANANA 12.990000 0.000000 50

4
 1877935068  0.000000 1425106830976608107386038569107202425553313412864356653383466080535722881076457487991794077999947366169703865550678493359407256246646945374012730329668181965974567753534055494283487974814026671024686503422453623798495003980328861696.000000 6421848
1 MA€A 13.470000 0.000000 55
1877935068  0.000000 1425106830976608107386038569107202425553313412864356653383466080535722881076457487991794077999947366169703865550678493359407256246646945374012730329668181965974567753534055494283487974814026671024686503422453623798495003980328861696.000000 6421848
1 MA€A 13.470000 0.000000 55
2 BANANA 12.990000 0.000000 50
1877935068  0.000000 1425106830976608107386038569107202425553313412864356653383466080535722881076457487991794077999947366169703865550678493359407256246646945374012730329668181965974567753534055494283487974814026671024686503422453623798495003980328861696.000000 6421848
1 MA€A 13.470000 0.000000 55
3 GOIABA 13.560000 0.000000 20
5 KIWI 15.000000 0.000000 29

6
 1877935068 0.000000 1425106830976608107386038569107202425553313412864356653383466080535722881076457487991794077999947366169703865550678493359407256246646945374012730329668181965974567753534055494283487974814026671024686503422453623798495003980328861696.000000 6421848.000000 1
0 0.000000 1425106830976608107386038569107202425553313412864356653383466080535722881076457487991794077999947366169703865550678493359407256246646945374012730329668181965974567753534055494283487974814026671024686503422453623798495003980328861696.000000 6421848.000000 1
1 teste1 100.000000 0.000000 10
4 potato 50.000000 0.000000 10
2 banana 13.990000 0.000000 20
6 tst2 90.000000 0.000000 10

6
 1877935068 0.000000 1425106830976608107386038569107202425553313412864356653383466080535722881076457487991794077999947366169703865550678493359407256246646945374012730329668181965974567753534055494283487974814026671024686503422453623798495003980328861696.000000 6421848.000000 1
0 0.000000 1425106830976608107386038569107202425553313412864356653383466080535722881076457487991794077999947366169703865550678493359407256246646945374012730329668181965974567753534055494283487974814026671024686503422453623798495003980328861696.000000 6421848.000000 1
1 teste1 100.000000 0.000000 10
4 potato 50.000000 0.000000 10
2 banana 13.990000 0.000000 20
6 tst2 90.000000 0.000000 10
1877935068 0.000000 1425106830976608107386038569107202425553313412864356653383466080535722881076457487991794077999947366169703865550678493359407256246646945374012730329668181965974567753534055494283487974814026671024686503422453623798495003980328861696.000000 6421848.000000 1
0 0.000000 1425106830976608107386038569107202425553313412864356653383466080535722881076457487991794077999947366169703865550678493359407256246646945374012730329668181965974567753534055494283487974814026671024686503422453623798495003980328861696.000000 6421848.000000 1
1 teste1 100.000000 0.000000 10
4 potato 50.000000 0.000000 10
2 banana 13.990000 0.000000 20
6 tst2 90.000000 0.000000 10

6
 1877935068 0.000000 1425106830976608107386038569107202425553313412864356653383466080535722881076457487991794077999947366169703865550678493359407256246646945374012730329668181965974567753534055494283487974814026671024686503422453623798495003980328861696.000000 6421848.000000 1
0 0.000000 1425106830976608107386038569107202425553313412864356653383466080535722881076457487991794077999947366169703865550678493359407256246646945374012730329668181965974567753534055494283487974814026671024686503422453623798495003980328861696.000000 6421848.000000 1
1 teste1 100.000000 0.000000 10
4 potato 50.000000 0.000000 10
2 banana 13.990000 0.000000 20
6 tst2 90.000000 0.000000 10
1877935068 0.000000 1425106830976608107386038569107202425553313412864356653383466080535722881076457487991794077999947366169703865550678493359407256246646945374012730329668181965974567753534055494283487974814026671024686503422453623798495003980328861696.000000 6421848.000000 1
0 0.000000 1425106830976608107386038569107202425553313412864356653383466080535722881076457487991794077999947366169703865550678493359407256246646945374012730329668181965974567753534055494283487974814026671024686503422453623798495003980328861696.000000 6421848.000000 1
1 teste1 100.000000 0.000000 10
4 potato 50.000000 0.000000 10
2 banana 13.990000 0.000000 20
6 tst2 90.000000 0.000000 10
1877935068 0.000000 1425106830976608107386038569107202425553313412864356653383466080535722881076457487991794077999947366169703865550678493359407256246646945374012730329668181965974567753534055494283487974814026671024686503422453623798495003980328861696.000000 6421848.000000 1
0 0.000000 1425106830976608107386038569107202425553313412864356653383466080535722881076457487991794077999947366169703865550678493359407256246646945374012730329668181965974567753534055494283487974814026671024686503422453623798495003980328861696.000000 6421848.000000 1
1 teste1 100.000000 0.000000 10
4 potato 50.000000 0.000000 10
2 banana 13.990000 0.000000 20
6 tst2 90.000000 0.000000 10

6
 1877935068 0.000000 1425106830976608107386038569107202425553313412864356653383466080535722881076457487991794077999947366169703865550678493359407256246646945374012730329668181965974567753534055494283487974814026671024686503422453623798495003980328861696.000000 6421848.000000 1
0 0.000000 1425106830976608107386038569107202425553313412864356653383466080535722881076457487991794077999947366169703865550678493359407256246646945374012730329668181965974567753534055494283487974814026671024686503422453623798495003980328861696.000000 6421848.000000 1
1 tsrt 33.000000 0.000000 2
5 ttt 44.000000 0.000000 223
3 tst5 66.000000 0.000000 53
2 yr5 4.000000 0.000000 23

